ISS (ZARYA)             
1 25544U 98067A   22179.35801735  .00008676  00000+0  16125-3 0  9997
2 25544  51.6436 281.2631 0004568 306.2491 161.7961 15.49741312346919
SIMPL                   
1 42983U 98067NF  22179.16800686  .00180850  25523-4  29150-3 0  9995
2 42983  51.6261 124.2386 0003556  52.6224 307.5110 16.03098341266652
AEROCUBE 12A            
1 43556U 18046C   22178.43509941  .00017464  00000+0  44519-3 0  9994
2 43556  51.6352 135.1960 0008323  70.6465 289.5418 15.39586664220853
AEROCUBE 12B            
1 43557U 18046D   22178.51453630  .00011968  00000+0  32892-3 0  9991
2 43557  51.6360 139.4073 0008332  68.2236 291.9634 15.37602133220758
LEMUR-2-VU              
1 43558U 18046E   22178.37580631  .00030404  00000+0  59167-3 0  9998
2 43558  51.6377 117.2299 0008952  75.6943 284.5038 15.47271366221080
LEMUR-2-ALEXANDER       
1 43559U 18046F   22179.17220003  .00023508  00000+0  44764-3 0  9996
2 43559  51.6373 111.3271 0009428  79.7874 280.4177 15.48042931221016
LEMUR-2-YUASA           
1 43560U 18046G   22178.92624587  .00021356  00000+0  41826-3 0  9990
2 43560  51.6381 114.9076 0009336  83.1930 277.0120 15.47293096221164
LEMUR-2-TOMHENDERSON    
1 43561U 18046H   22178.66482718  .00024048  00000+0  50008-3 0  9993
2 43561  51.6384 119.1196 0008582  86.9606 273.2363 15.45474477220642
ISS DEB (SEDA-AP)       
1 43870U 98067PU  22179.17257396  .00059379  00000+0  23352-3 0  9993
2 43870  51.6279 174.6878 0005373   9.5801 350.5305 15.86285009200610
ISS DEB                 
1 44303U 98067QA  22178.75961526  .00361005  70245-4  52458-3 0  9999
2 44303  51.6214 198.3680 0006849   6.3391 353.7706 16.04627237175551
RED-EYE 1 (PINOT)       
1 44364U 98067QJ  22178.78629486  .00216235  30073-4  47058-3 0  9994
2 44364  51.6268 201.6637 0006740 355.0102   5.0838 15.97808546171106
STPSAT-4                
1 45043U 98067QY  22179.05690036  .00055483  00000+0  32946-3 0  9997
2 45043  51.6332 241.9410 0004587 314.0292  46.0330 15.77442658137178
SORTIE                  
1 45264U 98067RH  22179.15605424  .00063089  00000+0  32398-3 0  9992
2 45264  51.6376 235.9012 0004318 315.8878  44.1779 15.80612104133938
ICS-EF (ISS DEB)        
1 45265U 98067RJ  22179.20763277  .00013792  00000+0  15510-3 0  9993
2 45265  51.6373 257.9710 0003944 253.1014 106.9548 15.62900565133320
RED-EYE 2 (MERLOT)      
1 45800U 98067RM  22178.90342612  .00031976  00000+0  25415-3 0  9999
2 45800  51.6378 250.7569 0003618 315.0270  45.0434 15.70927201115257
RED-EYE 3 (CABERNET)    
1 45809U 98067RN  22179.16058810  .00031287  00000+0  24926-3 0  9992
2 45809  51.6378 249.4774 0003398 310.3730  49.6971 15.70882743114271
SPOC                    
1 46921U 98067RR  22175.44526769  .05489333  12350-4  66926-3 0  9994
2 46921  51.6130 248.2954 0008877 320.6564  39.3814 16.35363181 93131
NEUTRON-1               
1 46923U 98067RT  22176.41526330  .12845636  12650-4  26350-3 0  9998
2 46923  51.6170 243.5264 0005175 317.3043  42.7583 16.46729377 93330
ISS DEB                 
1 47853U 98067RZ  22179.07334342  .00005809  00000+0  95670-4 0  9996
2 47853  51.6419 277.4108 0002515  42.7473 317.3713 15.53904491 73561
TSURU                   
1 47927U 98067SD  22179.13781305  .00773301  33471-3  81708-3 0  9997
2 47927  51.6236 243.8335 0012578 349.3699  10.7047 16.09519367 73510
MAYA-2                  
1 47929U 98067SF  22178.47417515  .00766775  31231-3  98092-3 0  9997
2 47929  51.6239 247.6622 0012308 348.2676  11.8048 16.06547297 73366
GUARANISAT-1            
1 47931U 98067SH  22179.12039852  .00817228  37905-3  84748-3 0  9994
2 47931  51.6217 243.7218 0012440 349.3240  10.7508 16.09815691 73514
MMSATS-1                
1 47976U 98067SJ  22175.88838600  .00022547  00000+0  28543-3 0  9995
2 47976  51.6425 287.5930 0001026  19.9868 340.1165 15.59400158 71424
TIANHE                  
1 48274U 21035A   22179.15926532  .00011902  00000+0  14370-3 0  9990
2 48274  41.4699 152.1937 0003426 340.9670 128.8388 15.60581233 66488
ISS DEB                 
1 48833U 98067SK  22178.64616787  .00038021  00000+0  37515-3 0  9998
2 48833  51.6368 270.7423 0002716 354.2532   5.8432 15.65533620 60758
RAMSAT                  
1 48850U 98067SL  22178.52118927  .00064888  00000+0  48685-3 0  9997
2 48850  51.6364 266.1584 0002722   1.4029 358.6976 15.71983558 58912
BD-28                   
1 48867U 98067SN  22178.48097452  .00088905  00000+0  54748-3 0  9992
2 48867  51.6290 263.5725 0004111 333.4154  26.6635 15.76433616 57695
ISS (NAUKA)             
1 49044U 21066A   22178.51914833 -.00000148  00000+0  54263-5 0  9998
2 49044  51.6433 285.4203 0004485 297.2032 167.6633 15.49715456 52876
TIANZHOU-3              
1 49222U 21085A   22178.13375831  .00011688  00000+0  14133-3 0  9994
2 49222  41.4703 158.4333 0003511 335.8918 125.0416 15.60554981 66324
FREGAT DEB              
1 49271U 11037PF  22178.76581359 -.00005911  00000+0 -39166-1 0  9992
2 49271  51.6489 205.3886 0742153  61.9945 305.3953 11.87451546 48413
BINAR-1                 
1 49272U 98067SR  22178.47366247  .00073745  00000+0  55070-3 0  9998
2 49272  51.6337 270.3102 0006967 336.4585  23.6093 15.72018246 41248
MAYA-3                  
1 49273U 98067SS  22178.67386577  .00179586  00000+0  75653-3 0  9998
2 49273  51.6292 264.0925 0010611 340.9096  19.1508 15.84336786 41347
MAYA-4                  
1 49274U 98067ST  22179.08314667  .00152712  00000+0  67473-3 0  9999
2 49274  51.6322 262.3323 0009719 339.3412  20.7197 15.83425838 41401
CUAVA-1                 
1 49275U 98067SU  22179.07367955  .00141238  00000+0  81706-3 0  9993
2 49275  51.6332 264.4012 0007867 342.8090  80.1034 15.77614606 41321
CAPSAT                  
1 49276U 98067SV  22179.13523318  .00068273  00000+0  48221-3 0  9990
2 49276  51.6380 267.2559 0007519 344.0679  16.0082 15.73354479 40407
PR-CUNAR 2              
1 49277U 98067SW  22178.59417506  .00112078  00000+0  66650-3 0  9990
2 49277  51.6264 268.0339 0008861 340.0445  20.0207 15.77086294 40317
1998-067TD              
1 51441U 98067TD  22178.68804543  .00041288  00000+0  45044-3 0  9995
2 51441  51.6382 277.7725 0007949 287.4749  72.5376 15.62913511 23772
PATCOOL                 
1 51442U 98067TE  22178.60093486  .00042331  00000+0  45577-3 0  9995
2 51442  51.6368 277.9279 0008110 291.7918  68.2214 15.63238243 23721
DAILI                   
1 51443U 98067TF  22177.23829601  .18374243  12627-4  60969-3 0  9994
2 51443  51.6150 272.4043 0006764 342.6355  17.4440 16.44281731 23631
LIGHT-1                 
1 51509U 98067TG  22179.13270280  .00024814  00000+0  30698-3 0  9991
2 51509  51.6405 277.0011 0008641 279.8069  80.1948 15.59909968 22567
PROGRESS-MS 19          
1 51660U 22014A   22178.51914833 -.00000148  00000+0  54263-5 0  9999
2 51660  51.6433 285.4203 0004485 297.2032 167.6633 15.49715456346789
CYGNUS NG-17            
1 51712U 22015A   22178.51914833 -.00000148  00000+0  54263-5 0  9998
2 51712  51.6433 285.4203 0004485 297.2032 167.6633 15.49715456346787
SOYUZ-MS 21             
1 52086U 22028A   22178.51914833 -.00000148  00000+0  54263-5 0  9997
2 52086  51.6433 285.4203 0004485 297.2032 167.6633 15.49715456346782
IHI-SAT                 
1 52147U 98067TJ  22179.15184518  .00023732  00000+0  32354-3 0  9999
2 52147  51.6385 279.3637 0005464 322.5396  37.5215 15.57376844 14980
KITSUNE                 
1 52148U 98067TK  22175.83914563  .00027574  00000+0  40934-3 0  9993
2 52148  51.6428 296.8411 0004019 298.1380 136.4754 15.54980438 14398
CREW DRAGON 4           
1 52318U 22042A   22178.51914833 -.00000148  00000+0  54263-5 0  9991
2 52318  51.6433 285.4203 0004485 297.2032 167.6633 15.49715456346780
ISS DEB                 
1 52329U 98067TM  22173.45634771  .00573414  00000+0  30562-2 0  9994
2 52329  51.6344 305.7091 0018397 301.5233 108.1158 15.78077756  8573
TIANZHOU-4              
1 52509U 22050A   22178.13375831  .00011688  00000+0  14133-3 0  9999
2 52509  41.4703 158.4333 0003511 335.8918 125.0416 15.60554981 66326
PROGRESS-MS 20          
1 52795U 22059A   22178.51914833 -.00000148  00000+0  54263-5 0  9998
2 52795  51.6433 285.4203 0004485 297.2032 167.6633 15.49715456346789
SHENZHOU 14             
1 52797U 22060A   22178.13375831  .00011688  00000+0  14133-3 0  9999
2 52797  41.4703 158.4333 0003511 335.8918 125.0416 15.60554981 66325
